1 931
954 2037
2192 2738
2745 4013
4167 4170
4203 5428
5525 7747
7771 7776
7898 8046
8096 8288
8440 8710
8817 8979
8982 9223
9306 9498
9636 10361
10427 10618
10618 10698
10828 11304
11322 11498
11597 12628
12680 12874
12913 13531
13610 13871
13905 14661
14792 16187
16234 18572
18626 19426
19443 19900
19904 19973
20359 20482
20601 20657
20912 21016
21162 21214
21245 21433
21446 21546
21707 22382
22394 22432
22462 22910
23261 23595
23603 23634
23743 23938
23952 24852
24910 25101
25325 25376
25446 25866
26090 27044
27106 27898
28041 28041
28277 28505
28566 28832
28968 29904
29986 30111
30148 30325
30401 31015
31058 31556
31556 31838
31875 31904
32253 32901
32913 32972
33123 33279
33413 34101
34144 34254
34368 35035
35278 35385
35395 37775
37776 39725
39729 40006
40009 41620
41921 42480
42667 42703
42818 43023
43105 43446
43452 43704
43758 44198
44490 44546
44552 44640
44669 47200
47251 47512
47518 47889
47912 48583
48639 49195
49232 49443
49729 50657
50675 51098
51119 51587
52015 54077
54269 54382
54422 55036
55231 55289
55339 55814
55859 56771
56872 56884
56890 57396
57490 58479
58513 58551
58554 59017
59020 59192
59209 60761
60845 60999
61120 62306
62339 62790
63117 63767
63785 63885
63910 64227
64284 64805
64899 65667
65744 66110
66210 66317
66339 68343
68489 68803
68831 69179
69201 69503
69682 70307
70502 70845
70964 71718
71762 72195
72328 73151
73193 73514
73532 73576
73576 73876
74018 74412
74443 74883
74960 75179
75205 75347
75417 75798
76006 76121
76173 76319
76332 76801
76944 77790
77855 78001
78074 78288
78322 78980
79110 80594
80802 81118
81238 81446
81453 81552
81690 81738
82046 82047
82164 82222
82352 82608
82712 83027
83075 84533
84614 84950
84970 85119
85557 86299
86354 86995
87098 90284
90441 90470
90606 90822
90862 91171
91195 93818
93873 94884
94912 95044
95219 95935
95957 97310
97536 97614
97667 97890
97997 98329
98451 99062
99104 100332
100418 100871
100893 101222
101264 101415
101442 101478
101545 101741
101835 102070
102111 103819
104280 104630
104657 105326
105328 106179
106180 106447
106520 106597
106620 106703
106835 107805
107838 108324
108333 108397
108432 109675
109742 109921
109925 110931
110964 111453
111456 112154
112166 112303
112409 112817
112825 112922
112959 113433
113470 113520
113888 115065
115093 115336
115541 115784
115817 116869
116954 117138
117208 117473
117604 117617
117670 118022
118030 118606
118644 119228
119253 120704
120746 120971
121136 121247
121266 121814
