878 1571
2244 2532
4984 5446
6714 22688
25010 29053
29381 49577
51140 79705
79994 93707
94358 101826
101826 104335
104823 106768
108937 118205
121726 124208
124967 126911
127605 137798
137912 148930
150284 157240
157980 169273
169799 172279
173234 178668
179543 180037
180284 185976
187743 190437
191040 199507
200005 201809
203037 205539
206730 208675
209527 210423
210833 219608
220126 222515
224855 233038
233359 234335
234648 238873
240913 243766
244277 245380
245632 246250
246784 254773
255106 265216
265548 267273
267297 269018
269921 272145
272313 283619
285156 289748
290524 291554
292291 299990
300113 306938
307307 308668
309211 312073
314441 314714
316705 317025
319149 328049
328814 340077
340644 340998
341884 345476
346669 347500
347861 349535
351361 352331
352971 358404
359400 361902
361977 362841
363876 365250
365352 369060
371058 372491
372545 373505
373837 374338
376031 378272
378300 379752
380428 392438
393502 396278
396902 401995
402679 402786
402826 408968
409472 411771
414732 415881
417206 419399
420157 421931
422348 424813
425666 426148
428011 430122
431126 432111
436640 438006
438209 441999
443184 456596
456648 476933
480298 480478
481049 481366
481697 486162
486480 488604
490048 497443
499098 507896
508163 508443
508495 531856
532188 540457
540645 543626
544474 546016
546085 546193
548725 549466
553153 553436
553595 571914
572611 578212
578521 581835
582408 584687
585184 590641
591264 591269
592255 596103
596405 609127
609444 615878
616513 617867
620802 630491
631901 640623
641521 641767
642387 651130
653041 654632
655167 659978
660034 663396
663435 665617
667637 676044
676390 677153
678331 687445
689518 699840
699903 703043
704525 708074
709000 710473
711241 713464
714492 716445
717221 721084
721199 723220
723371 725015
725338 737834
739742 741366
742671 743870
744710 748487
748638 756517
757096 760186
761197 764071
764289 765415
770675 775379
776335 776515
777148 780108
780523 795018
796505 798588
799143 799665
800718 813528
815688 827072
827730 829938
832504 843144
844093 846486
848037 850791
851312 854309
856586 861336
862165 868132
868694 869521
871981 872515
873552 876265
877471 880946
880956 881226
881682 885453
886392 890611
890616 895151
895745 899521
901767 903909
907235 913903
913924 923320
924004 931836
931924 941486
942172 942612
942902 944021
944040 959592
961332 962786
963203 965260
965354 972716
973784 979154
980947 983552
984100 985023
985519 986409
986775 987485
988533 997740
998844 1002620
1002754 1005864
1006038 1006054
1006147 1006828
1007255 1015021
1016293 1020433
1020688 1022413
1023018 1034118
1034212 1041704
1041706 1048778
1049601 1051811
1058845 1059017
1059589 1060264
1062453 1069934
1071028 1078427
1078994 1093185
1093185 1096603
1096827 1102721
1104057 1106347
1106984 1113913
1114756 1118754
1119077 1121347
1122777 1136249
1137505 1153048
1154331 1162983
1163259 1165457
1166429 1168310
1168768 1181935
1183586 1191482
1191601 1194966
1196217 1207500
1208323 1209001
1209441 1218360
1218475 1221809
1223156 1229254
1229637 1229972
1230272 1239330
1241078 1243137
1244238 1249145
1249676 1251678
1252040 1258180
1258357 1260549
1260594 1263682
1264715 1265886
1268027 1299861
1300015 1300382
1300521 1309567
1309944 1316199
1319862 1322219
1322258 1324871
1325674 1326628
1328894 1329242
1330505 1337159
1337699 1345675
1346267 1347592
1347811 1361974
1362150 1362672
1362709 1363712
1364045 1379240
1379944 1379961
1379997 1385226
1386429 1386721
1388510 1392876
1393608 1397860
1398769 1402405
1403091 1430782
1436850 1438981
1439030 1441848
1444385 1445447
1445495 1447498
1448079 1448720
1450231 1450731
1450929 1456193
1457286 1468777
1469046 1478889
1479859 1480391
1481885 1486379
1487219 1487559
1492536 1500247
1500731 1501224
1501706 1503996
1504785 1507335
1507508 1511339
1513145 1520844
1521130 1524426
1525664 1532150
1532764 1540635
1541121 1541484
1541885 1549725
1550005 1553037
1554195 1554880
1557419 1567057
1567155 1573602
1573929 1576135
1576467 1576606
1577468 1580048
1580112 1581126
1581476 1582841
1583423 1585678
1586257 1587672
1588273 1603947
1605160 1606070
1607156 1614811
1615431 1631068
1631685 1639028
1639683 1640640
1645422 1652729
1652857 1654901
1654962 1657030
1657062 1662147
1662628 1664608
1665445 1674240
1674684 1674843
1675858 1682468
1684704 1689209
1689568 1690633
1692761 1692800
1692990 1698268
1699438 1707276
1708297 1715166
1715564 1730469
1733504 1737094
1737127 1739007
1739675 1746342
1747453 1754161
1756221 1756909
1758231 1770187
1770406 1775149
1776168 1782314
1782589 1782960
1784442 1785591
1786325 1788048
1791199 1793070
1795644 1801569
1801609 1801961
1804722 1810412
1812635 1814804
1816093 1816338
1816848 1820493
1822480 1822602
1825675 1826159
1826291 1836285
1837081 1838268
1839008 1849850
1851638 1863547
1865086 1865259
1865713 1871981
1872669 1880361
1882632 1884464
1885087 1886502
1887704 1887993
1888240 1896999
1898832 1901839
1902082 1908644
1910460 1912278
1914994 1924258
1924627 1928494
1928553 1930072
1930136 1930970
1933256 1943590
1944476 1949661
1950267 1960285
1960334 1967321
1969120 1969176
1970330 1983053
1983423 1994431
1994457 1996082
1998469 2012182
2012666 2013907
2014278 2016672
2019459 2037020
2038412 2043950
2044067 2047996
2049716 2062673
2062708 2067883
2068244 2070535
2071690 2084428
2085549 2088062
2089009 2100107
2100754 2101769
2102123 2106241
2107008 2108548
2110614 2113785
2116561 2120242
2120583 2123271
2124549 2127370
2127457 2132424
2133123 2134325
2135139 2138705
2139669 2145779
2146490 2148628
2151244 2154147
2155344 2160492
2160598 2163254
2165013 2171312
2171424 2174167
2174366 2176416
2177285 2184466
2188193 2206536
2209853 2210996
2211175 2211901
2212838 2226159
2227166 2239845
2240602 2240984
2242445 2247368
2247512 2247572
2249273 2255174
2255180 2257822
2260158 2267967
2269929 2271602
2271903 2272739
2274322 2274471
2277816 2281753
2282101 2285091
2285949 2288304
2290024 2291845
2297056 2301641
2302217 2309906
2310382 2325601
2326531 2331615
2331758 2351756
2351991 2354306
2356097 2356843
2359152 2359453
2360040 2369176
2369215 2378142
2378556 2378789
2381006 2381104
2381695 2384282
2384558 2386089
2386451 2388889
2389152 2394882
2397584 2398738
2398844 2400347
2400592 2404106
2404691 2406073
2408482 2420917
2422390 2423723
2424371 2430173
2430742 2431233
2432574 2435362
2435911 2438903
2440026 2458174
2458362 2469677
2471328 2471482
2471774 2474655
2475024 2496152
2497591 2506256
2506657 2515053
2515373 2521769
2521888 2525163
2525812 2529969
2530047 2535057
2535062 2535269
2535904 2541050
2541686 2551815
2551969 2553575
2554239 2557502
2558489 2560530
2560796 2566514
2566612 2572199
2572460 2573527
2574543 2582820
2582856 2583894
2583919 2585652
2585690 2590806
2591127 2595757
2597888 2599599
2600143 2600382
2601927 2605641
2606061 2611032
2612422 2614537
2616513 2618676
2619663 2628473
2628602 2634135
2634288 2635366
2638028 2639105
2639317 2644784
2646797 2654461
2654661 2662579
2664675 2666597
2667925 2676882
2677822 2680144
2681949 2681970
2684274 2695711
2696152 2697755
2698915 2708466
2712173 2714042
2714157 2715917
2717015 2726393
2727649 2728959
2729349 2733654
2734353 2742391
2743253 2743772
2747559 2747651
2748452 2748802
2749618 2752293
2752391 2768758
2769284 2770738
2770790 2772958
2773228 2773793
2774075 2778011
2779084 2783725
2783871 2793303
2794035 2794505
2795364 2798322
2800827 2809259
2810510 2810913
2812417 2812534
2814172 2815773
2816450 2830248
2831370 2844068
2844939 2846328
2847197 2848851
2849195 2849938
2850704 2853590
2855016 2857375
2857978 2859864
2861200 2861404
2861508 2861717
2863375 2880252
2880897 2884112
2885530 2894527
2894692 2895070
2898826 2914282
2914349 2915429
2917316 2922870
2923494 2924046
2924950 2925784
2925810 2930861
2931366 2931587
2932554 2935863
2936582 2936854
2938921 2943435
2944742 2945719
2946300 2961155
2962326 2966751
2968769 2970793
2971700 2976864
2976891 2979048
2979404 2985823
2986291 2986394
2986428 2992357
2993490 3001334
3003760 3022625
3023275 3029378
3031130 3031415
3031669 3038138
3039045 3040365
3043973 3067894
3067916 3068835
3069582 3078167
3078192 3081289
3081426 3091049
3091271 3091876
3092062 3097120
3099410 3100705
3102804 3104277
3104896 3111145
3112122 3114861
3115216 3115555
3115950 3119441
3119856 3123686
3124165 3128411
3129881 3130481
3131740 3135349
3135440 3143634
3145506 3149595
3149873 3154594
3154879 3157606
3157660 3160717
3160721 3163051
3163159 3163807
3164324 3165306
3165414 3173495
3173623 3181431
3181444 3185900
3186976 3187632
3187976 3192158
3192159 3192190
3192546 3197220
3198577 3203594
3203868 3205591
3206502 3209373
3216395 3219764
3221477 3223533
3226173 3227990
3230792 3237639
3239831 3240023
3240326 3244103
3246107 3253879
3255086 3257555
3257645 3258071
3260209 3266905
3268656 3274018
3276345 3277703
3277760 3278834
3280414 3284907
3285928 3287330
3288061 3288395
3288487 3289339
3289662 3292691
3293917 3294062
3294076 3310957
3311892 3312288
3312637 3315601
3315857 3327356
3327437 3327440
3329431 3330730
3331596 3340889
3341279 3347133
3347207 3351899
3353877 3354000
3354496 3371688
3372482 3389405
3392877 3397503
3398423 3404259
3404739 3404939
3405512 3407437
3409021 3416918
3420072 3423877
3424077 3429268
3429380 3434498
3436352 3440155
3441702 3454177
3455170 3462298
3462386 3463017
3463227 3470047
3470148 3471816
3473244 3476466
3478246 3493406
3493715 3495043
3495460 3505119
3508614 3520017
3521092 3521145
3521880 3523814
3524045 3534675
3539267 3549019
3549024 3562859
3563428 3564034
3564602 3568357
3569201 3571523
3571850 3574604
3575117 3590951
3591718 3599580
3599589 3599750
3601012 3606320
3606626 3616721
3617373 3617542
3620277 3627156
3630679 3631509
3632196 3659001
3660098 3660109
3663826 3667430
3667908 3671597
3672002 3674853
3676460 3679709
3679945 3680657
3680805 3689075
3689485 3701166
3701778 3711788
3712597 3712937
3714532 3717952
3718165 3718793
3719429 3721807
3722441 3731550
3733408 3735496
3736856 3748501
3749040 3754591
3755603 3761275
3761595 3765842
3766605 3768640
3770461 3770537
3771224 3773073
3773568 3774398
3774872 3778132
3782638 3785322
3786933 3787323
3787659 3788358
3789677 3793286
3793527 3794922
3795726 3804474
3805655 3807357
3809549 3811279
3811607 3813251
3813263 3814605
3814822 3819389
3819666 3824857
3825139 3826670
3827659 3830895
3834212 3835389
3835593 3855328
3856536 3858425
3858489 3861365
3862098 3878108
3878550 3895263
3895882 3905256
3906431 3917647
3917858 3923123
3923499 3925711
3925753 3934602
3934874 3936811
3937098 3941455
3943284 3944958
3945642 3949274
3949813 3951372
3953892 3954188
3954805 3958322
3958943 3986912
3988274 3991443
3992708 4003722
4006102 4009335
4009991 4011050
4013441 4014102
4015912 4016463
4017265 4018782
4021376 4022200
4022624 4022674
4023408 4025632
4025724 4030172
4030309 4037848
4040212 4042526
4043574 4051611
4055417 4060037
4060803 4062683
4064140 4070806
4074956 4077105
4077667 4078294
4081727 4083054
4087132 4087768
4089255 4094762
4097410 4100123
4100508 4103034
4103411 4104838
4106024 4107563
4108450 4120673
4121005 4125148
4125412 4132814
4133194 4136814
4138666 4139677
4142263 4147435
4147716 4152451
4153276 4157273
4157572 4158929
4159156 4160960
4163748 4174282
4176239 4177878
4178502 4178604
4179975 4187128
4187595 4187798
4190742 4190826
4191499 4194632
4195299 4208901
4210251 4211760
4212551 4215619
4215640 4221095
4224867 4226312
4226842 4227304
4227716 4281340
4281766 4294908
4295540 4302920
4304444 4316662
4320326 4325205
4325216 4333610
4333702 4336885
4337693 4348241
4348313 4357877
4358469 4361031
4362205 4370242
4370671 4371583
4372051 4375621
4375731 4378118
4378378 4389069
4390658 4399633
4400552 4402086
4403993 4410746
4411968 4429607
4430290 4435185
4436104 4437225
4438292 4438994
4439056 4439126
4439802 4442667
4444536 4457102
4458857 4459736
4460545 4463598
4463773 4466048
4466608 4477060
4477466 4478775
4479478 4484488
4485539 4489056
4489100 4508725
4512097 4517429
4517984 4520229
4520544 4533306
4534308 4539704
4540152 4541071
4543794 4548619
4549262 4552663
4553832 4565871
4566057 4566399
4570517 4572959
4573360 4577040
4577526 4577726
4579756 4584189
4584502 4584756
4585744 4587559
4587575 4588212
4588214 4589948
4592029 4607499
4607503 4608021
4608608 4610905
4612893 4616466
4617187 4639627
4641014 4641693
4642421 4657684
4659923 4660756
4663217 4664962
4665160 4669538
4670582 4686349
4686716 4689687
4689933 4693263
4694489 4702315
4702350 4705818
4707104 4709502
4710083 4728857
4728888 4743794
4744027 4745387
4747078 4759394
4759832 4761480
4761557 4762327
4764467 4771331
4771624 4773205
4773639 4776270
4777085 4780935
4781291 4784920
4785534 4794502
4794648 4800872
4801334 4815324
4816088 4820075
4822758 4825948
4826327 4834158
4834285 4835076
4835697 4843799
4844006 4846041
4846318 4848389
4849108 4856270
4856706 4871713
4872519 4875215
4876278 4876389
4877000 4879528
4879871 4881161
4881610 4884587
4889031 4896302
4896332 4899309
4901390 4903297
4903644 4915488
4916012 4916360
4917579 4927387
4930046 4933920
4936265 4937374
4939780 4940746
4941426 4945438
4945593 4954159
4955065 4957063
4957136 4958803
4960931 4963971
4966085 4967078
4967888 4972239
4972559 4972902
4974124 4975940
4976843 4983522
4984081 4984242
4984941 4986045
4986526 4991475
4992349 4995324
4996707 5011029
5011049 5017097
5017212 5022008
5026834 5027337
5027845 5029844
5030587 5032007
5035035 5042622
5043024 5044398
5045315 5046795
5047766 5054959
5057952 5062359
5064818 5065580
5065853 5071326
5072446 5090019
5091055 5094375
5097607 5108004
5108706 5116358
5116836 5123010
5124110 5124247
5124593 5125357
5125516 5128159
5129217 5130102
5130430 5146754
5148675 5152152
5154048 5159155
5160170 5162298
5162325 5166054
5166738 5166849
5167534 5175878
5178730 5182019
5184092 5186066
5187409 5191811
5192238 5199146
5199694 5200232
5200911 5204434
5205075 5207088
5207607 5211940
5212037 5212131
5212989 5213556
5215135 5235642
5236274 5242168
5242177 5245698
5246108 5254705
5255288 5255510
5256622 5261559
5261771 5263650
5264510 5268327
5269117 5269602
5270292 5285967
5288520 5290897
5294885 5297140
5298128 5303925
5304771 5307741
5307752 5309832
5310559 5311040
5311121 5315528
5316745 5317112
5318988 5320296
5320393 5321455
5322268 5324098
5324116 5329206
5329598 5343971
5346060 5355516
5355546 5356855
5356975 5357741
5361542 5363781
5366067 5371777
5372279 5379497
5380382 5380753
5383063 5384370
5386314 5386585
5388933 5390607
5391130 5392795
5393135 5394074
5394364 5395416
5397279 5407096
5409460 5410608
5411741 5414479
5414767 5418165
5418357 5437942
5438504 5441375
5441633 5442621
5445310 5452191
5452281 5460200
5462490 5462710
5463647 5469077
5470663 5471409
5472573 5476961
5478588 5479070
5479490 5480895
5482049 5483561
5483878 5486981
5487502 5488853
5489997 5491668
5492407 5496288
5498346 5502282
5502463 5504990
5505388 5508862
5509546 5516319
5516391 5516757
5517831 5526742
5527719 5527862
5528750 5532256
5532541 5533768
5534485 5535392
5540705 5544074
5545012 5545279
5546723 5551282
5551409 5552279
5553748 5560195
5560299 5564155
5565479 5571094
5571267 5572913
5574040 5574102
5575608 5581132
5581637 5585998
5586205 5588548
5589506 5602680
5603216 5607308
5607605 5608110
5609802 5630895
5631687 5632647
5632950 5650609
5651239 5657908
5658213 5658918
5659702 5659764
5660376 5662776
5662953 5664339
5664653 5668964
5669444 5670266
5670315 5674221
5675368 5687174
5688316 5700671
5700920 5702147
5702820 5705938
5708534 5712094
5712299 5737861
5738113 5738933
5740691 5769199
5769488 5778845
5778847 5782389
5782588 5783467
5785697 5788548
5789641 5789988
5790722 5798464
5799142 5799606
5799830 5808439
5808709 5810808
5810995 5811523
5811598 5813377
5813937 5824494
5827521 5831817
5831864 5831880
5831894 5835024
5835985 5842710
5843325 5844180
5844215 5848282
5848382 5857847
5858530 5870153
5870707 5895046
5895725 5898679
5899311 5915075
5915909 5916403
5916989 5918818
5920120 5921997
5922097 5927613
5929587 5945517
5946750 5961289
5962894 5972200
5973702 5974877
5975553 5982468
5985018 5985979
5986524 5989306
5991227 5995651
5996160 5999161
5999288 6000457
6004217 6006827
6009171 6011222
6014342 6014404
6014898 6030817
6033392 6034958
6034995 6041098
6041451 6046043
6047211 6054008
6054105 6055704
6056591 6061586
6062358 6062750
6062980 6077107
6078210 6080448
6080849 6081584
6081896 6082336
6086214 6095054
6097021 6099299
6099995 6120107
6123534 6126764
6128138 6128660
6129430 6139094
6139383 6145754
6146027 6160342
6160562 6168053
6168474 6169135
6169540 6172917
6172918 6173319
6173444 6177401
6177470 6178358
6178490 6179485
6179521 6181028
6181152 6187463
6187789 6192949
6193300 6201544
6202309 6202660
6204962 6206765
6207482 6208735
6210093 6211523
6212316 6212893
6213238 6233211
6233913 6240070
6240898 6246348
6246956 6250245
6250870 6262247
6262559 6274784
6275021 6276399
6278622 6280179
6280267 6284337
6284346 6285527
6285664 6286285
6287596 6294292
6294688 6296518
6296700 6297346
6297936 6302419
6302475 6303634
6307403 6308069
6308162 6311374
6312266 6312269
6312537 6318497
6318554 6324949
6325078 6338771
6340793 6350219
6350967 6360311
6361510 6362523
6362648 6379546
6380004 6380440
6382141 6388852
6389114 6394334
6395383 6398857
6400295 6405059
6405617 6409905
6410942 6417913
6418486 6430297
6432102 6434934
6435047 6437314
6440409 6449492
6450887 6450939
6452659 6468823
6469780 6470075
6470184 6471025
6472921 6474480
6476671 6479986
6480786 6489057
6489592 6493613
6494667 6496766
6497197 6504877
6505215 6506874
6508350 6510821
6511093 6516770
6517332 6519313
6519537 6520518
6525088 6530519
6532845 6542138
6543233 6548234
6549059 6551698
6551790 6556106
6557635 6563815
6564156 6569869
6571176 6575856
6576396 6576767
6577211 6584245
6584414 6587611
6588442 6598595
6600511 6627319
6627683 6628001
6628063 6628567
6628774 6642538
6643240 6662395
6663102 6670718
6671458 6684952
6685610 6686914
6687981 6689005
6689250 6690053
6690516 6699947
6706084 6708649
6710861 6714029
6715115 6716987
6718200 6721562
6721692 6723837
6724760 6730092
6730979 6735202
6735276 6735531
6736725 6746358
6746811 6761056
6761809 6769274
6772343 6772959
6773556 6775200
6777043 6782390
6784112 6805069
6807012 6810088
6812372 6838818
6839076 6848974
6849941 6855140
6856129 6866996
6867954 6870998
6871497 6875375
6875969 6886224
6887882 6891409
6891417 6892081
6892320 6894473
6894519 6899065
6899189 6899386
6903312 6908396
6909897 6911005
6911760 6917615
6918075 6918152
6918340 6930924
6931515 6932062
6932234 6933932
6934560 6959837
6960776 6961528
6964432 6964937
6965134 6978810
6979068 6979851
6983150 6989590
6993155 6993962
6994813 6996652
6996852 7005714
7007203 7015596
7015606 7017889
7019053 7023438
7024488 7024622
7024992 7034974
7035352 7048332
7048367 7055423
7056590 7062926
7065653 7067529
7067850 7071376
7072870 7075759
7077055 7081829
7081996 7085235
7086159 7087282
7088364 7106059
7110709 7119022
7120240 7120884
7120957 7121717
7122307 7132305
7132344 7133748
7134190 7136448
7137781 7139728
7139773 7151304
7155531 7155983
7156359 7165801
7167942 7170342
7173461 7176187
7176489 7178974
7179391 7181626
7181740 7183483
7184742 7189571
7193025 7198413
7198468 7200278
7200620 7202078
7202598 7213437
7213646 7214425
7217742 7224279
7224749 7225815
7226464 7229838
7231474 7231661
7231904 7240705
7240923 7247206
7247769 7248768
7249917 7260559
7260707 7261058
7262585 7265192
7265285 7268465
7268799 7277864
7277873 7280467
7282480 7289589
7290316 7296086
7296137 7301436
7302589 7303946
7304716 7305960
7307721 7308024
7308175 7311310
7315042 7315226
7315532 7315971
7316521 7319420
7319839 7327374
7330023 7338481
7339781 7341005
7341527 7344023
7344325 7345758
7346259 7357233
7357436 7367462
7367711 7374890
7374980 7375710
7376469 7380589
7380949 7381057
7382454 7404796
7405618 7409297
7409470 7415657
7416848 7417343
7417927 7424581
7427328 7432934
7432992 7435587
7436493 7446745
7446915 7451772
7451811 7452744
7453837 7453906
7454382 7454411
7456292 7456869
7458259 7463126
7464639 7467679
7470003 7473714
7474038 7483771
7484472 7485253
7485439 7489267
7491228 7491678
7492035 7492459
7493386 7505395
7505667 7509430
7510355 7534108
7534833 7541255
7541919 7544556
7544713 7547743
7547912 7548807
7549108 7552432
7552668 7554390
7554402 7560302
7560731 7565434
7565725 7565857
7567510 7577642
7577772 7588934
7589314 7589738
7590225 7600281
7600613 7606369
7606656 7608691
7610211 7624258
7624839 7633238
7633679 7640266
7640994 7641947
7643906 7646893
7648283 7663211
7663591 7664720
7665276 7666689
7667071 7667072
7667145 7670425
7671120 7680820
7683858 7686069
7686800 7707694
7707892 7707946
7708299 7710941
7712826 7714137
7714792 7716810
7721843 7721955
7723189 7726915
7727736 7731657
7733196 7746153
7746359 7751387
7753179 7754783
7755270 7761734
7762056 7764573
7765520 7778401
7780178 7781295
7782809 7785734
7787126 7787296
7787330 7789629
7789873 7791830
7794863 7809689
7809826 7817857
7820496 7821661
7822477 7828842
7828992 7835344
7836749 7842416
7842931 7850434
7852820 7856498
7856744 7857057
7859028 7868903
7869523 7870122
7870941 7874041
7874789 7879377
7879769 7883214
7883413 7885809
7888768 7890810
7890877 7900381
7900644 7900650
7901394 7914388
7915961 7931841
7932435 7933939
7936541 7937346
7939262 7970395
7971980 7975733
7976051 7978921
7979640 7982780
7983233 7986252
7986931 7990094
7991595 7994725
7994737 7999732
7999748 8018830
8018921 8019673
8022733 8026105
8027104 8038055
8039159 8044294
8044701 8044766
8045442 8045444
8047443 8053534
8054227 8063022
8064796 8065839
8066083 8069337
8069772 8070710
8073388 8082516
8082831 8085033
8087287 8089467
8090850 8101123
8102059 8108705
8109429 8113673
8114528 8117277
8117290 8118496
8118702 8119819
8120614 8123658
8125441 8126404
8128372 8131488
8134789 8138116
8139178 8144891
8145781 8151552
8151928 8168608
8169524 8176299
8176809 8186735
8187224 8187270
8188121 8189824
8190469 8192072
8192360 8193564
8193855 8195376
8196434 8198222
8198782 8202634
8205001 8209318
8210171 8217931
8218613 8220955
8223420 8235440
8236599 8242685
8243616 8244217
8244948 8246399
8248240 8252291
8253074 8263395
8264119 8268730
8270412 8272099
8273029 8285468
8286253 8287689
8287798 8312753
8313310 8313549
8313657 8318883
8321140 8325218
8326147 8327494
8328105 8331926
8333216 8333376
8335252 8350717
8350946 8352840
8355277 8358676
8359641 8360640
8360695 8361893
8362074 8380512
8381285 8385313
8386599 8391042
8391303 8395557
8396811 8400580
8400651 8401730
8402166 8410321
8410520 8421047
8421137 8422134
8423088 8430477
8430915 8432758
8433520 8443428
8443863 8447532
8447684 8448157
8448257 8458619
8460049 8465951
8469099 8469843
8470119 8471635
8473325 8491245
8491636 8492410
8492483 8496194
8497300 8506440
8506546 8506625
8506641 8544423
8544630 8550171
8550567 8553710
8554415 8557870
8559712 8563911
8564816 8565171
8566312 8570025
8570920 8572927
8572935 8575496
8576438 8576540
8578101 8581749
8584020 8596067
8598116 8602609
8603908 8606701
8607271 8608357
8609322 8616250
8618611 8620220
8620305 8623875
8623891 8628822
8628836 8634746
8634788 8635653
8637611 8638137
8638382 8645184
8646758 8646911
8649684 8651109
8651928 8655026
8655978 8656307
8656341 8656643
8656689 8657116
8657396 8665476
8666646 8671296
8671758 8683088
8683809 8684459
8684657 8695684
8699563 8700771
8701449 8705908
8706260 8707048
8707745 8711056
8711385 8719475
8719711 8728461
8728488 8735660
8737349 8740481
8740642 8741915
8742863 8750690
8751378 8753983
8755923 8766160
8766305 8774495
8774589 8794811
8796566 8799453
8800430 8801861
8802484 8808845
8809110 8809237
8810272 8811374
8812336 8812377
8812501 8819339
8821501 8829228
8831305 8831999
8832087 8837952
8838705 8839299
8841285 8843443
8846531 8848706
8849221 8851309
8851739 8854611
8854734 8859839
8860674 8862283
8862306 8864885
8868652 8890189
8890611 8897540
8897782 8898434
8899316 8907586
8909327 8916275
8916704 8918384
8918656 8922056
8922192 8923317
8924069 8924439
8925421 8926886
8926956 8928792
8929490 8932514
8933303 8941569
8945230 8947152
8949017 8955976
8956564 8968872
8970824 8972522
8972688 8975770
8976992 8977500
8979568 8979871
8981193 8984791
8986575 8988667
8989047 8992446
8992918 8996041
8997450 8999875
9000343 9014860
9015574 9016155
9020257 9022013
9022870 9034921
9035161 9036647
9036735 9038016
9039072 9045359
9045458 9050722
9052611 9052992
9053101 9053911
9054002 9065556
9065588 9076296
9077566 9078766
9079109 9079426
9081035 9085550
9085648 9086875
9087538 9093523
9093922 9094796
9095611 9097856
9098060 9103681
9104341 9110218
9110404 9116692
9117601 9136804
9137293 9140126
9140597 9142089
9143175 9154347
9154667 9159665
9160708 9167705
9168005 9169343
9169455 9172591
9172607 9182190
9182687 9191372
9192793 9200132
9200910 9208425
9209795 9212025
9212753 9216144
9218190 9220168
9222184 9226331
9226499 9227868
9228507 9229282
9230154 9231340
9231473 9234968
9235614 9236359
9236837 9237955
9238696 9250731
9251448 9256095
9257161 9259660
9260191 9284130
9284340 9292494
9296400 9304528
9304590 9306197
9308240 9325848
9326508 9326771
9327422 9329648
9329770 9337113
9338264 9341985
9342936 9348750
9348963 9364079
9364830 9369165
9369489 9379615
9380564 9382017
9382438 9386447
9390269 9391775
9391793 9398633
9402942 9406271
9406781 9409858
9410408 9416036
9417244 9432065
9432392 9443981
9445401 9445963
9446514 9447618
9449110 9459404
9460226 9461844
9462139 9465480
9465601 9467560
9467870 9472536
9472659 9475011
9475075 9477190
9478520 9483554
9484516 9486270
9488130 9491057
9492762 9495803
9497717 9499326
9501440 9508576
9508743 9510375
9510449 9515586
9516686 9519098
9523175 9527909
9528342 9541803
9542254 9544555
9544622 9545332
9545370 9547612
9549305 9551338
9552114 9552305
9552643 9554662
9556606 9557983
9558604 9561153
9561282 9563385
9563865 9570615
9570828 9577676
9577992 9580664
9582292 9584124
9585820 9589630
9590057 9590726
9593027 9599972
9600561 9609840
9612243 9616732
9616911 9618757
9619815 9621032
9621130 9642913
9646137 9650128
9650951 9651020
9651401 9655735
9658074 9658739
9659011 9665997
9666103 9666183
9667220 9667668
9667695 9677599
9677840 9682214
9682538 9691212
9691904 9723545
9725112 9727514
9728663 9736826
9737506 9738914
9741520 9744799
9746287 9748853
9749965 9759899
9762511 9766921
9768063 9770309
9771169 9771734
9772053 9773940
9775298 9778401
9782173 9786552
9787071 9792463
9794134 9802463
9802922 9806143
9806778 9809250
9810715 9811555
9815087 9816980
9818456 9819731
9821141 9825162
9827481 9828186
9829714 9832905
9836303 9838989
9841235 9842231
9843471 9843524
9844530 9846396
9846609 9846724
9848045 9860996
9861441 9861759
9862850 9869103
9869741 9877257
9877310 9882130
9883739 9891096
9891338 9893135
9893873 9896831
9898392 9903769
9905670 9911969
9912222 9918238
9918460 9923676
9925832 9931538
9932545 9934509
9935699 9937644
9940762 9941826
9942484 9944425
9945073 9945641
9946729 9947412
9947422 9948453
9949257 9949964
9950841 9952290
9952598 9952638
9952834 9955318
9955496 9968355
9968446 9974087
9975973 9982703
9983599 9987762
9990525 9991163
9991500 10003780
10004044 10009681
10011018 10018692
10019336 10030583
10030775 10033622
10034378 10038977
10039761 10061457
10062809 10063687
10064535 10066098
10066295 10069077
10069698 10070890
10072098 10078226
10078831 10079129
10079185 10084448
10085853 10087552
10088814 10088931
10089302 10099705
10101586 10108806
10109379 10124301
10124955 10130058
10130990 10133936
10133994 10134080
10134975 10139840
10140524 10140525
10141690 10146531
10146851 10148201
10148216 10150511
10150998 10152077
10153307 10154588
10155628 10160295
10160774 10167234
10168006 10168451
10168972 10174111
10175163 10179715
10180231 10183045
10185056 10190226
10191982 10198518
10199402 10202510
10203698 10205243
10206432 10210244
10210610 10227542
10228109 10249066
10249388 10253014
10253070 10254448
10254812 10266850
10269827 10272307
10275115 10282524
10284676 10286634
10289250 10291365
10291567 10296393
10299364 10299780
10302485 10306514
10306742 10313277
10314731 10316927
10318266 10323503
10323966 10324033
10324675 10332909
10333960 10337663
10338607 10343778
10344235 10347318
10347894 10351320
10351508 10352295
10353263 10360509
10360705 10364017
10365324 10367994
10368895 10376037
10376135 10380988
10381676 10383341
10383419 10388827
10389568 10397901
10398618 10399345
10399444 10399916
10400394 10406722
10408539 10414418
10415616 10418743
10418748 10422904
10423288 10427527
10427550 10429838
10430576 10431542
10433174 10439047
10439362 10442233
10442305 10449294
10450151 10455569
10456857 10479867
10480955 10486684
10487060 10488624
10489389 10489619
10490612 10491077
10491167 10499930
10501996 10503452
10503616 10503855
10504001 10519679
10520957 10527320
10528176 10529016
10529119 10533291
10533769 10535937
10539084 10540633
10541339 10547152
10547264 10562792
10563028 10564697
10564966 10566832
10567758 10569999
10570124 10571435
10573176 10577040
10577722 10581697
10584064 10584467
10584983 10591101
10591229 10595453
10596881 10601017
10601492 10607607
10609487 10617203
10617519 10619384
10620751 10623104
10623689 10632347
10634394 10646705
10647085 10653021
10653748 10654264
10655226 10655421
10656571 10668257
10669681 10684644
10685503 10689669
10692030 10696350
10698140 10698912
10699539 10715845
10718525 10718810
10720552 10720885
10721182 10723962
10724421 10725886
10730226 10733336
10733598 10738810
10739152 10741504
10742898 10745369
10745792 10749668
10750054 10763908
10764311 10770441
10770590 10779899
10781739 10782042
10782666 10785184
10785347 10794226
10794267 10799503
10800010 10800163
10801601 10802230
10807697 10811318
10811428 10813640
10814397 10816274
10816901 10817929
10817946 10822604
10823127 10823865
10824758 10826203
10827278 10827314
10828392 10828605
10831415 10831580
10831645 10832699
10834592 10836592
10836612 10841874
10842624 10848724
10849466 10872784
10873231 10882530
10882967 10886149
10887434 10888527
10888600 10899997
10901083 10905198
10905421 10909689
10910260 10913958
10914330 10916761
10916814 10919193
10920938 10926099
10926467 10927225
10927516 10936460
10936823 10940570
10943496 10951143
10951287 10955807
10956897 10957738
10957988 10966232
10969007 10970797
10972441 10983685
10985031 10991699
10991900 11000006
11004012 11007056
11007937 11010627
11010805 11012585
11012722 11016060
11018090 11020695
11021896 11024376
11026516 11030548
11031470 11043859
11044371 11053613
11054409 11055994
11056211 11063144
11064522 11076438
11077384 11077658
11077697 11081465
11084883 11088361
11088884 11100717
11101013 11103578
11105137 11110931
11111002 11114243
11115506 11118449
11118772 11121812
11122141 11127109
11127555 11136831
11138690 11149642
11149866 11151411
11151575 11155166
11156815 11160882
11162293 11164644
11165816 11169440
11169695 11177378
11178222 11188547
11188736 11189518
11190639 11194572
11199115 11200030
11200157 11206074
11206166 11211610
11213224 11216477
11217321 11221958
11223341 11227927
11228649 11229992
11230147 11245259
11245891 11249472
11249510 11255555
11255969 11256067
11256545 11257450
11258302 11267950
11268061 11273295
11273869 11278782
11281050 11282616
11282869 11293231
11294586 11297471
11298043 11304483
11305231 11306971
11307383 11310781
11312161 11321956
11323468 11325503
11327635 11328417
11330564 11336950
11337006 11343065
11347046 11353508
11354149 11356473
11356698 11361230
11361856 11362368
11362608 11363147
11363253 11369580
11372768 11375932
11376046 11380399
11381383 11384872
11385082 11390804
11392175 11397912
11400322 11407749
11407793 11412125
11412181 11416498
11417397 11431644
11432836 11440005
11442585 11443707
11444048 11453292
11455767 11469204
11470518 11474685
11476050 11476214
11477539 11481627
11482750 11501429
11503012 11504745
11504943 11508801
11510146 11513182
11514568 11522518
11522642 11532085
11533448 11533807
11534914 11544642
11546338 11551794
11553213 11555071
11556580 11574739
11576751 11578738
11578999 11582523
11582835 11584881
11587546 11598493
11599229 11624823
11626010 11632916
11634110 11635311
11636032 11641384
11641563 11649309
11650650 11668620
11668980 11671711
11672241 11676122
11677433 11677949
11678241 11683597
11684342 11692451
11692948 11698022
11698543 11702746
11703750 11708134
11708211 11714793
11714796 11721083
11722339 11722473
